0679879242
0375802118
0965096734
9780553576382
0553104837
0870239716
1679604007
0804808848
9781611808650
9780399563829
0985742208
9781118990940
9781742205793
9780618619580
0471453803
9780553074406
9780471117094
9780470474242
9780141000510
9780375758782
9781512214567
9780671636036
9780143132509
9780544668256
9780349408941
9780071798402
9781619541474
9781619540897
9780070362406
9780814758373
9781627790734
9780544272996
9781118809990
9781935700609
9781476764597
9780316219266
9781455520022
9780470068526
9780525954101
0553380958
9780735617223
9780613916660
9780525953593
9781118643600
9780451452733
9781461178187
9781934356869
9781934356555
9780312323226
9781588343123
9781591843757
9780321356680
9781402211867
9781451626650
9781586487485
9780441012039
9780061661167
9781907727337
9781559500401
9780061056697
9781582342535
9781645036692
9781620971932
9780345350688
9781593271442
9781593270469