9781797202648
9780593110409
9780794548391
978039480013450999
978037582965950999
9780763696078
978173696012790000
9780060530891
978006291562751799
9780385388955
978144244093750899
9780553520590
978133821199351299
9780794546564
978006190622051799
9780307157850
9780794533335
9780794532031
9780062275561
9780062404374
978148479967351699
978173270370490000
9780553521054
9780756614522
978039480078351699
9780794542115
9781452145037
978125024931951899
9781465466273
978163878835551099
9780425291986
9781684642946
9780307157850
9780794525347
978198489421250799
9781452170978
9780375840135
9781481417884
9780794553135
9781640309470
978178701293651899
978141972967650795
9780593433935
9780385384803
978039480001150999
9781735252452
978076365599051799
978043933909451899
978153442536151799
978145215013051699
978160220995451695
9780062667120
978148145829051799
9780385388924
9780385388955
978162672091651899
9780060254926
9780062275561
9780439199964
9781626726369
978020109147251799
9780439634304
9780763678388
978031651900751799
9780062915627
9780763655990
978073522792751899
9780062404374
9780593112595
978136800355151799
9780803731257
9780439634250
978043963428151799
978043933911751799
9780578507415
978006190622051799
9780735227934
978198489421250799
978039480029550999
978039922690851099
9780805047905
9780995051232
9781633225107
978144249314850699
978173270385890000
978039480077651699
9781524788674
9781558580091
978039480016550999
9781409564010
978076367838851599
978057822846490000
9780545477529
978146548609751299
9780241415665
978031647513650899
978039480038750999
9780671449025
978173270371190000
9780673583178
9781442450707
978146542900150599
978173270385890000
9781481417891
9781409572138
978039482337951699
978076115728151595
978178603252250899
978194490320650895
978157306513951495
9781442493131
9780794546601
9780794543679
9780994606747
978037430021050799
9781492656258
9780593110416
9781338346022
9781732703810
9780999753712
978068983560550599
9780794539719
9781452138558
9781492656265
9787550236677
978076364476550799
2000010436187
9780763642648
978099975379890000
9780794544027
9780794544027
978194947476390000
9781949474763
978006283993051799
978006283993051799
9781602209954
978160220995451695
9781602209954
9780871592828
9780871592828
9780871592828
9780871592828
978068984906050699
9780062845221
9780803731257
978080373125751799
978168364153751795
9780803731257
9780525555940
9781524787929
9781575423166
9780999753705
9781589255517
978031260155350799
9780374360979
9780999753781
9781732703889
9780399251535
9780756636043
9780316475099
9780679806639
9780794544027
978059312258750999
978141972699651295
9780312529260
9780984080687
9781602192188
9781338312232
9780593310168
9781536201154
00913577
9780312529260
2000010274161
9781782852223
978149267124451099
9781782852223
9780794548568
9782408004347
9781452142906
9781452142906
978157687945051799
9781576879450
978161180587151695
9781611805871
978161180587151695
9780062839930
9781492656203
9781368021319
