978078527342451399
9780670858866
9780321336439
978007036240652700
978161954082851295
9780471788973
9780804820776
9780198601975
9781619540187
9781619540224
978046502656252400
9780553447712
9781931686235
9781560279471
978161954020052495
9781740599344
9781741042306
9780596005696
9780963197306
9781560279402
978047012872590000
978098478280290000
978193108272353500
978081299787353000
9781555978020
978156592257090000
9789552400896
9780861713820
978140132325752195
9780525537090
9781786570307
978174220414752999
978074327356551500
9781683642121
9780060589462
9780375507892
978125023723153000
978052550928852700
9780415870535
978067339736290000
978031601793051699
9780345453747
9781564581013
9781953953179
978150112298951699
978111899094052499
978029574844390000
978188473430451695
978082561936653499
978063406540850799
978162315790651199
9780062300546
9780465030798
978047174519859500
978059319666351299
9780385497893
9781911597100
978150115698452599
978055307440652250
9780984457625
9781849961387
978157675332352495
978157675074252795
978193324555350000
978013419044053999
978080483262590000
9781400097388
978074325154951800
978125031696751999
9781594203336
978014312656051700
978006196395751999
9780812988451
9781632172617
9780062970701
978087773226651895
978159030546152195
9781491929124
978039956241951800
9780892131235
9781495062858
9780241464502
978178139401490000
978159030849351695
1953953204
1953953182
1953953166
0578675919
0578675862
1732265178
0578627310
1732265194
1732265186
1732265143
1732265135
1732265119
1732265100
9780553382570
9780861718528
9780807003466
9781250805713
9781250805713
9788418037252
9781736417911
0201006502
0143034669
9780861713820
9781250306036
9787536455382
9781501156991
9780356511108
9781250796837
9781250196095
0060523875
9780356505312
9780356505367
0060523867
9781439195468
9780356502533
9780553804270
9780380977420
9781784971656
9781451651683
9781416507789
9780593378342
9780425256435
9780993597534
9780060957919
1260474186
9781841497709
9780765386694
9780765382030
9780553418026
9780471453802
9780544916081
9780385351812
9780441016716
9781555976040
9780307593313
9780553380965
9780385495325
9780071798402
9781472807496
9780380788620
9781610393812
9780393355628
9780034540284
9781784752224
9781594487286
9780613361620
9781931082723
9780670026227
9781568658551
9780802129963
9781477458785
9781118643600
9780345453747
9781718500440
9781611809480
9781611809145
9788120725249
0839532008
0839531052